| trozo | window size  | bits | stride | IM(LP,VD) | E(LP -> VD)| E( VD -> LP) |  
| :-: | :-: |  :-: | :-: | :-: | :-: | :-: | 
 | R| 17 | 1 | 1 | 6.685320383392757e-07 | 5.077194403185326e-06 | 2.197365939251354e-06 |  
 | R| 17 | 2 | 2 | 9.57249589439435e-06 | 3.641102887197067e-05 | 1.5803053136198835e-05 |  
 | R| 17 | 3 | 3 | 7.335448171374992e-05 | 0.00018632227056256692 | 8.086644898114785e-05 |  
 | R| 17 | 4 | 4 | 0.00023656758893020324 | 0.0004514811943632702 | 0.00019585023609371732 |  
 | R| 17 | 5 | 5 | 0.0004968064271215766 | 0.0007596826654380687 | 0.0003292708660247043 |  
 | R| 17 | 6 | 6 | 0.0011597112170957935 | 0.0014794518526010107 | 0.0006411550088840745 |  
 | R| 17 | 7 | 7 | 0.0024338804989487706 | 0.00266725765661794 | 0.0011539775890038984 |  
 | R| 17 | 8 | 8 | 0.005738647256177565 | 0.005524014379004146 | 0.002383784263940942 |  
 | R| 42 | 1 | 1 | 8.356785525576171e-06 | 3.148550945182821e-05 | 1.4792386425803575e-05 |  
 | R| 42 | 2 | 2 | 7.75743884839919e-05 | 0.00014685827248318254 | 6.865757850477081e-05 |  
 | R| 42 | 3 | 3 | 0.0003651094481629258 | 0.00046207815614229575 | 0.0002154687315771534 |  
 | R| 42 | 4 | 4 | 0.0034725962905142183 | 0.003375396837181007 | 0.0015479330039863196 |  
 | R| 42 | 5 | 5 | 0.011873643696266534 | 0.009665310806548599 | 0.004283630080925182 |  
 | R| 42 | 6 | 6 | 0.027986810748303448 | 0.019924942449643636 | 0.008492935398260886 |  
 | R| 42 | 7 | 7 | 0.054578425232929106 | 0.03487372511577423 | 0.014311156083233868 |  
 | R| 42 | 8 | 8 | 0.0949590717798996 | 0.05523983451852838 | 0.021962162954755688 |  
 | R| 125 | 1 | 1 | 8.371207177670925e-05 | 0.00014981536571265585 | 9.004879477215312e-05 |  
 | R| 125 | 2 | 2 | 0.011283248240873345 | 0.011394919599949326 | 0.00628502884560713 |  
 | R| 125 | 3 | 3 | 0.027942427574982 | 0.021462194314631738 | 0.010669125620828165 |  
 | R| 125 | 4 | 4 | 0.05981403191906853 | 0.037697625885814504 | 0.01750212579102524 |  
 | R| 125 | 5 | 5 | 0.10881967586651164 | 0.058320285792779 | 0.025886085619388422 |  
 | R| 125 | 6 | 6 | 0.2241450568400598 | 0.10500569451067515 | 0.044927475265202466 |  
 | R| 125 | 7 | 7 | 0.4449355759022984 | 0.1855814843291307 | 0.0772662239344192 |  
 | R| 125 | 8 | 8 | 0.7452863675983021 | 0.2797915850670172 | 0.11442711631470885 |  
