

        =======================================================================================
            Calculando umbrales de ./DatosSinapsisArtificial/TrozoC.zip para la neurona LP
        =======================================================================================
        
 Distancia del umbral bajo | Distancia alta | Umbral bajo| Umbral alto| Número de *spikes*
:-: |:-: |:-: |:-: |:-:   
1.956 | 1.956| -0.161 | 0.161 | 54464  
1.956 | 2.57| -0.161 | 0.211 | 41905  
1.956 | 3.891| -0.161 | 0.320 | 31813  
1.956 | 4.892| -0.161 | 0.402 | 31065  
2.57 | 1.956| -0.211 | 0.161 | 45446  
2.57 | 2.57| -0.211 | 0.211 | 38986  
2.57 | 3.891| -0.211 | 0.320 | 31799  
2.57 | 4.892| -0.211 | 0.402 | 31064  
3.891 | 1.956| -0.320 | 0.161 | 32306  
3.891 | 2.57| -0.320 | 0.211 | 31310  
3.891 | 3.891| -0.320 | 0.320 | 30308  
3.891 | 4.892| -0.320 | 0.402 | 30135  
4.892 | 1.956| -0.402 | 0.161 | 10408  
4.892 | 2.57| -0.402 | 0.211 | 10343  
4.892 | 3.891| -0.402 | 0.320 | 10252  
4.892 | 4.892| -0.402 | 0.402 | 10241  



        =======================================================================================
            Calculando umbrales de ./DatosSinapsisArtificial/TrozoC.zip para la neurona VD
        =======================================================================================
        
 Distancia del umbral bajo | Distancia alta | Umbral bajo| Umbral alto| Número de *spikes*
:-: |:-: |:-: |:-: |:-:   
1.956 | 1.956| -0.020 | 0.108 | 23532  
1.956 | 2.57| -0.020 | 0.128 | 22529  
1.956 | 3.891| -0.020 | 0.172 | 22375  
1.956 | 4.892| -0.020 | 0.205 | 22325  
2.57 | 1.956| -0.041 | 0.108 | 23391  
2.57 | 2.57| -0.041 | 0.128 | 22484  
2.57 | 3.891| -0.041 | 0.172 | 22357  
2.57 | 4.892| -0.041 | 0.205 | 22318  
3.891 | 1.956| -0.084 | 0.108 | 21945  
3.891 | 2.57| -0.084 | 0.128 | 21324  
3.891 | 3.891| -0.084 | 0.172 | 21265  
3.891 | 4.892| -0.084 | 0.205 | 21246  
4.892 | 1.956| -0.117 | 0.108 | 11801  
4.892 | 2.57| -0.117 | 0.128 | 11748  
4.892 | 3.891| -0.117 | 0.172 | 11728  
4.892 | 4.892| -0.117 | 0.205 | 11719  



        =======================================================================================
            Calculando umbrales de ./DatosSinapsisArtificial/TrozoG.zip para la neurona LP
        =======================================================================================
        
 Distancia del umbral bajo | Distancia alta | Umbral bajo| Umbral alto| Número de *spikes*
:-: |:-: |:-: |:-: |:-:   
1.956 | 1.956| -0.159 | 0.159 | 44720  
1.956 | 2.57| -0.159 | 0.208 | 35915  
1.956 | 3.891| -0.159 | 0.316 | 27453  
1.956 | 4.892| -0.159 | 0.397 | 26457  
2.57 | 1.956| -0.208 | 0.159 | 37295  
2.57 | 2.57| -0.208 | 0.208 | 32872  
2.57 | 3.891| -0.208 | 0.316 | 27425  
2.57 | 4.892| -0.208 | 0.397 | 26456  
3.891 | 1.956| -0.316 | 0.159 | 31056  
3.891 | 2.57| -0.316 | 0.208 | 28910  
3.891 | 3.891| -0.316 | 0.316 | 26516  
3.891 | 4.892| -0.316 | 0.397 | 25889  
4.892 | 1.956| -0.397 | 0.159 | 4777  
4.892 | 2.57| -0.397 | 0.208 | 4726  
4.892 | 3.891| -0.397 | 0.316 | 4676  
4.892 | 4.892| -0.397 | 0.397 | 4659  



        =======================================================================================
            Calculando umbrales de ./DatosSinapsisArtificial/TrozoG.zip para la neurona VD
        =======================================================================================
        
 Distancia del umbral bajo | Distancia alta | Umbral bajo| Umbral alto| Número de *spikes*
:-: |:-: |:-: |:-: |:-:   
1.956 | 1.956| -0.022 | 0.109 | 16230  
1.956 | 2.57| -0.022 | 0.129 | 15689  
1.956 | 3.891| -0.022 | 0.173 | 15662  
1.956 | 4.892| -0.022 | 0.207 | 15661  
2.57 | 1.956| -0.042 | 0.109 | 16226  
2.57 | 2.57| -0.042 | 0.129 | 15689  
2.57 | 3.891| -0.042 | 0.173 | 15662  
2.57 | 4.892| -0.042 | 0.207 | 15661  
3.891 | 1.956| -0.087 | 0.109 | 16102  
3.891 | 2.57| -0.087 | 0.129 | 15598  
3.891 | 3.891| -0.087 | 0.173 | 15571  
3.891 | 4.892| -0.087 | 0.207 | 15571  
4.892 | 1.956| -0.120 | 0.109 | 13283  
4.892 | 2.57| -0.120 | 0.129 | 13137  
4.892 | 3.891| -0.120 | 0.173 | 13127  
4.892 | 4.892| -0.120 | 0.207 | 13127  

